-0,8
-0,8
-0,8
-0,8
-0,8
-0,8
-0,8
-0,8
-0,8
-0,8
-0,8
-0,8
-0,8
-2
-3,2
1,6
1,6
2,8
-0,8
-0,8
-0,8
-0,8
-0,8
-5
1
-0,8
-4,4
3
1,6
-0,8
-0,8
-0,8
3,6
1,2
5
0,2
0,2
2
4
-0,8
-0,8
3,6
3
2,8
4
-5
0
5
5
-0,8
-0,8
3,6
4
5
4
-5
-5
5
5
-0,8
-0,8
3
4
5
-3,2
-0,8
2,2
5
4
-0,8
-0,8
3
2,4
5
5
5
5
1,6
-4,4
-0,8
-0,8
-0,8
-2
2,8
5
0,2
-5
-4,4
-5
-0,8
-0,8
-0,8
-2
-4,4
-5
-4,4
-5
-5
-2
-0,8
-3,6
-3,6
-3,6
-3,6
-3,6
-3,6
-3,6
-3,6
-3,6
-3,6
-3,6
-3,6
-3,6
-5
-0,2
5
-4,8
-5
-3,6
-3,6
-3,6
-3,6
-4,8
-5
-0,2
5
-4,6
-5
-3,6
-3,6
-3,6
-3,6
-5
-5
-1,2
5
-4,6
-5
-3,6
-3,6
-3,6
-3,6
-3,6
-5
5
5
-5
-5
-5
-3,6
-3,6
-3,6
-3,6
-4,8
5
5
-5
-4,8
-5
-3,6
-3,6
-3,6
-4,8
-5
5
5
-5
-5
-5
-3,6
-3,6
-4,8
-4,8
-5
4,6
5
-4,8
-5
-4,8
-3,6
-3,6
-3,6
-5
-5
0
5
-5
-5
-3,6
-3,6
-3,6
-3,6
-4,8
-5
-1,4
0,4
-2,4
-5
-3,6
-3,6
-4,2
-4,2
-4,2
-4,2
-4,2
-4,2
-4,2
-4,2
-4,2
-4,2
-4,2
-4,2
-4,2
3,2
3,2
3,2
3,2
2,8
0,6
-4,2
-4,2
-4,2
4,4
4
4,2
1,2
2
-3
-0,2
-4,2
-4,2
-4,2
-4,6
0,4
-4,2
-4,6
4
2
-1,6
-4,2
-4,2
-4,2
-4,6
-4,6
-5
-4,4
4
3,2
-4,2
-4,2
-4,2
-4,2
-4,6
-4,6
-4,6
3
3
-4,4
-4,6
-4,2
-4,2
-4,2
-4,6
-0,599999999999999
3,2
4,2
-3
-5
-3,2
-4,2
-4,2
-4,2
2,2
5
5
4,4
-5
-4
-4,6
0,4
-4,2
-4,2
3,2
3
3
4
3
4,2
4,4
4,4
-4,2
-4,2
-4,6
-4,8
-4,8
-0,599999999999999
-1,8
-4,6
-4,6
-4,2
-0,6
-0,6
-0,6
-0,6
-0,6
-0,6
-0,6
-0,6
-0,6
-0,6
-0,6
-0,6
-1,8
2,4
0,2
-0,8
0,2
-0,599999999999999
-3
-0,6
-0,6
4,6
2,4
2
3,2
-0,6
1
2
4,4
-1,8
-0,6
-0,6
-3
-5
-4,6
-3
-1,2
3
2,2
-0,6
-0,6
-0,6
-5
-5
-4,8
-1,4
2
-0,8
-3
-1,8
-0,6
-0,6
-1,8
-5
3,2
3,2
2
-0,8
-1,8
-1,8
-0,6
-0,6
-3
-4,2
-4,4
0,6
3
2
1,8
-0,6
-0,6
-0,6
-4,4
-4,2
-4,4
-4,4
-5
2
3,6
-0,6
-0,6
-0,6
1,8
4,4
0,4
2
2
5
-1,8
-0,6
-0,6
-0,6
4
4
3
3
3
3,8
-3
-0,6
-1,8
-1,8
-1,8
-1,8
-1,8
-1,8
-1,8
-1,8
-1,8
-1,8
-1,8
-1,8
-1,8
4
-0,999999999999999
-5
-4,8
-4,2
-3
-1,8
-1,8
-1,8
1,8
3
-1,8
-5
-5
2,6
5
-3
-1,8
-1,8
0,600000000000001
3,2
-4,6
-4,2
-2,6
3,2
5
-1,8
-1,8
-3
3,2
3,2
-4,8
-5
-5
3,2
4,2
-1,8
-1,8
-1,8
3,2
3,2
2
2
2
1,8
5
-3
-1,8
-1,8
3,8
3
0,600000000000001
5
3
4,4
-4,2
-3
-1,8
-1,8
3,8
1,8
-0,599999999999999
-1,8
3
1,6
-3
-3
-1,8
-1,8
-4,2
-4,6
-4,6
-4,6
2
3,2
-3
-3
-1,8
-1,8
-3
-5
-5
-5
-2,4
-2,2
-3
-1,8
-0,8
-0,8
-0,8
-0,8
-0,8
-0,8
-0,8
-0,8
-0,8
-0,8
-0,8
-0,8
4
3,2
2
2
2
3,2
4,4
-2
-0,8
-0,8
1,6
3,2
3,2
1,6
-2
0,4
-2
-2
-0,8
-0,8
0,400000000000001
4
4,2
-5
-5
-4,6
-4,4
-2
-0,8
-2
-2
4
4
3
2
-0,6
-3,2
-0,8
-0,8
-2
1,6
-4,4
-3,2
1,6
0,2
3,2
5
-0,8
-0,8
-2
-4,4
-4,8
-4,8
-4,6
-5
-0,6
3,6
4,2
-0,8
-3,2
-3,2
-0,8
4,2
4,4
3,2
4,2
3,6
4,2
-0,8
-2
1,6
0,2
1,4
3
3
-3,4
1,2
-0,8
-0,8
-0,8
-4,4
-4,4
-4,4
-4,4
-4,8
-2
-0,8
-0,8
-1,2
-1,2
-1,2
-1,2
-1,2
-1,2
-1,2
-1,2
-1,2
-1,2
-1,2
-1,2
-2,4
-4,8
-4,8
-2,4
5
5
5
3,6
-1,2
-1,2
-4,8
-4,8
3,4
4
3,6
5
4,8
-2,4
-1,2
-2,4
-2,4
3,4
4
0
-5
-4,8
-2,4
-2,4
-1,2
-2,4
2
4
5,55111512312578E-17
-5
-5
-4,8
-4,8
-1,2
-1,2
-3,6
5
4
-5
-5
-5
-4,8
-4,8
-1,2
-1,2
2
5
3
5
5
4
1,4
-2,4
-1,2
-1,2
2,4
5
5,55111512312578E-17
1,2
1,2
4
5
-2,4
-1,2
-1,2
-2,4
5
0,2
0,2
5
4
-3,6
-3,6
-1,2
-1,2
-1,2
5
4
4
4
-0,6
-3,6
-1,2
-1,2
-2,6
-2,6
-2,6
-2,6
-2,6
-2,6
-2,6
-2,6
-2,6
-2,6
-2,6
-2,6
-2,6
-5
-5
-5
-5
-5
-2,6
-2,6
-2,6
-2,6
-3,8
0
0
0
0
5
5
5
-2,6
-2,6
-5
-5
3,4
5
3,4
5
5
3,4
-2,6
-2,6
-3,8
-5
-5
-5
-1,4
5
5
-2,6
-2,6
-2,6
-3,8
-3,8
-3,8
-1,4
0
5
-3,8
-2,6
-2,6
-2,6
-3,8
-5
-1,4
1
5
-5
-5
-2,6
-2,6
-2,6
-2,6
-5
-2,6
5
5
-5
-5
-2,6
-2,6
-2,6
-2,6
-5
-5
-5
-5
-5
-5
-2,6
-2,6
-2,6
-2,6
-3,8
-5
-5
-5
-5
-3,8
-2,6
-0,6
-0,6
-0,6
-0,6
-0,6
-0,6
-0,6
-0,6
-0,6
-0,6
-0,6
-0,6
-0,6
0,6
3
3
3
4,2
4,2
-1,8
-0,6
-0,6
-4,2
3
3
-4,6
-3
4,2
0,600000000000001
-1,8
-0,6
-0,6
-3
-2
5
2,4
0,2
3
-4,2
-0,6
-0,6
-0,6
-3
-5
3
3
3
-5
-4,2
-0,6
-0,6
-0,6
-1,8
-3
3
3
3
1
-3
-0,6
-0,6
-0,6
-0,6
5
5
3,4
-2,2
4
5
-0,6
-0,6
-0,6
5
5
-4,6
-4,2
-4,2
4,44089209850063E-16
5
4,4
-0,6
-0,6
5
3
-4,8
-4,8
-5
-3,6
5
5
-0,6
-0,6
-1,8
4
4
4
4
5
5
4,4
-1
-1
-1
-1
-1
-1
-1
-1
-1
-1
-1
-1
-2,2
5
5
5
5
2,4
-2,2
-1
-1
-1
0,800000000000001
5
3,4
-4,8
5
5
-4,6
-2,2
-1
-1
5
5
-4,8
2
4
5
-4,6
-1
-1
-2,2
5
5
3
1,2
-0,8
4
2,6
-1
-1
-2,2
-3,4
2,4
4
0,4
0,4
0
0,2
-1
-1
-2,2
-4,8
-5
-3,4
-2,2
0,200000000000001
2
-2,2
-1
-1
-3,4
-4,8
-5
-5
4
4
2,4
-1,6
-1
-1
-3,4
-4,8
5
4
5
5
-2,8
-4,8
-1
-1
-1
-2,2
-4,8
3
-4
-4,8
-4,8
-4,6
-1
