-3,4
-3,4
-3,4
-3,4
-3,4
-3,4
-3,4
-3,4
-3,4
-3,4
-3,4
-3,4
-3,4
-5
-5
-4,6
-4,6
-3,4
-4,6
-3,4
-3,4
-3,4
-5
-5
-1,6
5
0
-0,4
-3,4
-3,4
-3,4
-4,6
-0,2
3,4
5
5
5
5
0,2
-3,4
-3,4
2,2
5
5
4
-3
-5
5
4
2,2
-3,4
2,2
5
5
0,200000000000001
-5
-5
5
5
3
-3,4
2,2
5
5
-5
-5
-4
5
3
3
-3,4
1,2
4
5
5
5
5
5
2,6
1,4
-3,4
-3,4
0,2
4
5
5
5
2,6
-5
-3,4
-3,4
-3,4
-4,6
-5
-5
-5
-5
-5
-4,6
-3,4
-5
-5
-5
-5
-5
-5
-5
-5
-5
-5
-5
-5
-5
-5
-5
5
-0,999999999999999
8,88178419700125E-16
-5
-5
-5
-5
-5
-5
5
5
-5
-5
-5
-5
-5
-5
-5
-5
5
5
-5
-5
-5
-5
-5
-5
-5
-5
5
5
-5
-5
-5
-5
-5
-5
-5
-5
5
4
-5
-5
-5
-5
-5
-5
-5
-3,2
5
5
-5
-5
-5
-5
-5
-5
-5
-5
5
5
-1,2
-5
-5
-5
-5
-5
-5
-5
3,2
1
-5
-5
-5
-5
-5
-5
-5
-5
-5
-5
-5
-5
-5
-5
-5
-5
-5
-5
-5
-5
-5
-5
-5
-5
-5
-5
-5
3
3
5
5
-3,4
-4,4
-5
-5
-5
-1,8
2
5
5
5
0
-5
-5
-5
-5
-5
5
5
-5
5
5
-5
-5
-5
-5
-5
-5
-5
-1,8
5
5
-5
-5
-5
-5
-5
-5
-5
3,2
5
-5
-5
-5
-5
-5
-5
-5
3
5
5
-5
-5
-5
-5
-5
-2,8
-1,4
5
5
-1,8
-1,8
-5
-4,6
-5
-5
-1,8
5
5
5
5
5
4
1,2
-5
-5
-5
-5
-3,6
5
5
5
5
-3,2
-5
-5
-5
-5
-5
-5
-5
-5
-5
-5
-5
-5
-5
5
5
5
5
5
5
0
-5
-2,4
4
5
5
-3
-5
4
5
0
-5
-5
-4,2
-0,6
-5
-5
-3,4
5
5
-5
-5
-5
-5
-5
-5
5
5
5
5
-5
-5
-5
-5
-2,4
2
5
2
5
5
-5
-5
-5
-5
-5
-5
-5
-5
2
5
0
-5
-5
1,8
-4,2
5
-5
-5
5
5
-5
-5
-5
1,2
3
5
5
5
5
0,800000000000001
-5
-5
-5
-5
-1,6
2
2
2
-2,6
-4
-5
-5
-5
-5
-5
-5
-5
-5
-5
-5
-5
-5
-5
-5
-2
3,8
-5
-5
-5
2
-5
-5
-5
1
3
5
-5
-5
4
5
-5
-5
-5
-0,399999999999999
5
5
-5
-5
4
5
-5
-5
-3
3
5
-1
-5
1,2
5
1,8
-5
-5
-3
5
5
5
5
5
5
4
-5
-5
-3
-0,199999999999999
3
3
4
4
5
-5
-5
-5
-5
-3,4
-5
-5
-5
5
5
-5
-5
-5
-5
-5
-5
-5
-2,8
5
5
-5
-5
-5
-5
-5
-5
-5
-2,8
5
4,4
-5
-5
-4,8
-4,8
-4,8
-4,8
-4,8
-4,8
-4,8
-4,8
-4,8
-4,8
-4,8
-4,8
-3,8
-4,8
2
3,2
3,2
4,2
-3,4
-4,8
-4,8
-1,4
-0,4
4
4
5
5
4
-4,8
-4,8
-4,8
-1,4
4,2
4
3,2
-1,6
-5
-5
-4,8
-4,8
-4,8
-4,8
5
4
5
4
2
-4,8
-4,8
-4,8
-4,8
-4,8
-4,8
4
4
4
4
4,2
-3
-4,8
-4,8
-4,8
-4,8
-4,8
-4,8
-5
2,6
5
-2,2
-4,8
-4,8
-4,8
-4,8
5
4,2
2
4
4,2
-4,6
-4,8
-4,8
-4,8
1
5
5
4
4
-4,8
-4,8
-4,8
-4,8
-4,8
-4,8
-4,8
-4,8
-4,8
-4,8
-4,8
-4,8
-4,8
-5
-5
-5
-5
-5
-5
-5
-5
-5
-5
-5
-5
-5
-5
-5
4
5
5
3
-3,8
-5
-5
-5
-1
5
5
5
5
3
-5
-5
-5
4
5
5
-3,2
-5
-5
-5
-5
-5
-5
4
5
-5
-5
-5
-5
-5
-5
-5
1
4
5
3
3
3
-2
-5
-5
-5
1
4
5
5
5
5
5
-2
-5
-5
1
4
5
5
-0,999999999999999
5
5
-1,8
-5
-5
-0,599999999999998
4
5
5
5
5
5
-2
-5
-5
-0,599999999999998
-4,2
4
5
5
5
-2
-5
-5
-5
-5
-5
-5
-5
-5
-5
-5
-5
-5
-5
-5
-2,8
-5
-5
-5
-5
-5
-5
-1,2
-5
-5
3
5
5
5
5
5
5
2,2
-5
-5
-3,4
-0,8
1
0,4
-0,8
5
5
2,2
-5
-5
-5
-4,6
-4,6
-4,6
5
5
2,2
-5
-5
-5
-5
-5
-5
-5
5
4
-5
-5
-5
-5
-5
-5
-5
5
5
-3
-5
-5
-5
-5
-5
-5
-5
5
4
-5
-5
-5
-5
-5
-5
-5
5
5
4
-5
-5
-5
-5
-5
-5
-5
-5
3
-5
-5
-5
-5
-5
-5
-5
-5
-5
-5
-5
-5
-5
-5
-5
-5
-0,4
4
4
3
3
3
-5
-5
-5
-5
-5
4
5
5
2
4
-5
-5
-5
-5
-5
-5
5
5
5
4
-5
-5
-5
-5
-5
-5
5
5
4
-1,8
-5
-5
-5
-5
-5
-4
5
5
5
3
-5
-5
-5
-5
0,2
5
5
3
5
5
3
-5
-5
-5
5
3
4
-4,6
-5
5
3
0,2
-5
-2,8
5
3
-0,8
-0,8
-2
5
3
1,4
-5
-5
5
5
5
5
5
5
3,2
1,4
-5
-5
-5
-5
-5
-5
-5
-5
-5
-5
-5
-5
-5
5
5
5
5
8,88178419700125E-16
-5
-5
-5
-3,4
3
5
4
4
5
5
-5
-5
-5
0,200000000000001
5
5
-5
5
5
3,2
-5
-5
-5
-0,799999999999999
5
5
5
5
5
4
0,200000000000001
-5
-5
-5
-5
5
4
-0,8
5
4
-3,8
-5
-5
-5
-5
-5
-5
-5
5
4
-3,8
-5
-5
-5
-5
-5
-5
-4,8
5
4
-5
-5
-5
-5
-5
-3,6
-0,8
5
5
4
-5
-5
-5
-5
-5
5
5
5
1,2
-0,8
-5
-5
