-35
-35
-35
-35
-35
-35
-35
-35
-35
-35
-35
-35
-39
-33,5
-7,5
9
-7
-23,5
-40,5
-35
-35
-35
-31,5
-2,5
17
13
6,5
12
-18
-35
-35
-35
-20
6
7
-28,5
-18
21
3
-37
-35
-32
-4
17
-17,5
-46,5
-41
3,5
13,5
-32
-35
-30,5
0
18,5
-17,5
-50,5
-47
4,5
14,5
-30,5
-35
-27,5
-5
19,5
-8,5
-37,5
-23
9,5
-0,5
-36
-35
-32
-21,5
10
17,5
-6,5
9,5
15
-17
-37
-35
-32
-34
-20
5,5
18
13
-18,5
-39,5
-35
-35
-35
-32
-31
-26
-17
-28,5
-36
-35,5
-35
-23
-23
-23
-23
-23
-23
-23
-23
-23
-23
-23
-23
-25
-30
-30,5
-22
-9,5
-27
-23
-23
-23
-23
-26
-29
-27
3
7
-23
-28
-24
-23
-23
-26
-31
-8,5
26
10,5
-18,5
-29
-26
-23
-23
-25
-15,5
18
28,5
12
-20,5
-28
-27
-23
-23
-25
-7,5
10,5
7
11
-25
-27
-27
-23
-23
-24
-21
-18,5
1
10
-25
-28
-26
-23
-23
-24
-24,5
-24,5
7,5
13,5
-26
-28
-25
-23
-23
-24
-28
-24,5
6
-2
-30,5
-28
-25
-23
-23
-23
-25
-24,5
-7,5
-18,5
-28
-25
-24
-17
-17
-17
-17
-17
-17
-17
-17
-17
-17
-17
-17
-16,5
-24,5
-12,5
0,5
-1,5
-17
-19,5
-18
-17
-17
-17
-14
2
-3,5
-2
0,5
-16,5
-18
-17
-17
-14,5
-2,5
0,5
-19
-13,5
2,5
-12,5
-17
-17
-17
-20
-18
-14
-26
-16,5
2,5
-11,5
-17
-17
-17
-19
-20,5
-23
-15,5
5,5
-1
-20
-17,5
-17
-17
-17,5
-16
-9
8,5
-0,5
-19
-24
-20
-17
-17
-11
0
11
-3
-19
-24,5
-24
-20
-17
-17
-3,5
12,5
4,5
7,5
10
4
-8,5
-17,5
-17
-17
-6,5
1,5
0,5
-2,5
4
5,5
-13
-15
-30,5
-30,5
-30,5
-30,5
-30,5
-30,5
-30,5
-30,5
-30,5
-30,5
-30,5
-30,5
-32,5
-33
3
15
13
-10
-24
-31,5
-30,5
-30,5
-26
-8
14,5
-17,5
-19
-2,5
-20
-28
-30,5
-30,5
-32,5
-34,5
-35
-33
-2
13
-25,5
-31,5
-30,5
-30,5
-34,5
-41,5
-18
3,5
16,5
3,5
-35
-32,5
-30,5
-30,5
-33,5
-35,5
-10
-2,5
-0,5
11,5
-14,5
-26
-30,5
-30,5
-33,5
-37
-36,5
-39,5
-24,5
5
4
-21
-30,5
-31,5
-28
-10,5
-35,5
-23
-16
7
-3,5
-25,5
-30,5
-29
-11,5
20,5
13
17,5
13,5
2
-26,5
-27
-30,5
-29
-24
-13
5,5
0,5
-9
-27,5
-29,5
-31,5
-15,5
-15,5
-15,5
-15,5
-15,5
-15,5
-15,5
-15,5
-15,5
-15,5
-15,5
-15,5
-15,5
-11,5
-7,5
-19
-25,5
-23,5
-17
-16,5
-15,5
-15,5
-19
-10,5
3
-13
-21,5
-5
-7,5
-13,5
-15,5
-17,5
-16
-7,5
2
-9
-10
6
-5,5
-17,5
-15,5
-17,5
-14
-9
2
-8,5
-12
5,5
-8,5
-17,5
-15,5
-16,5
-12,5
-10
5,5
-8,5
1,5
7
-5
-17,5
-15,5
-16,5
-13
-3,5
11
11
14
6
-8
-18,5
-15,5
-16,5
-16
-15,5
-17
-18
1,5
5,5
-7
-19,5
-15,5
-15,5
-19,5
-20,5
-22,5
-23,5
-9
1
-8
-19,5
-15,5
-15,5
-18,5
-20,5
-25,5
-22
-5,5
-3
-7
-16,5
-22
-22
-22
-22
-22
-22
-22
-22
-22
-22
-22
-22
-22,5
-15,5
10
11
9
9,5
4
-19
-22
-22
-20
-15
5,5
-6
-22,5
-23,5
-18,5
-28
-22
-23
-16,5
-2,5
8,5
-16
-35,5
-41
-31
-26
-22
-23
-13
-2
11,5
10
1
-23
-34
-26
-22
-23
-21
-14
-5
-5,5
1
13
-16,5
-23
-22
-23
-25
-27
-35
-28,5
-12,5
12,5
-11,5
-22,5
-22
-23
-21
-23,5
-19
-20,5
1,5
13
-17
-21,5
-22
-21,5
-16
-0,5
15
12,5
7,5
-11
-24,5
-20,5
-22
-22
-21,5
-18,5
-15
-18
-22
-22,5
-22
-22
-24,5
-24,5
-24,5
-24,5
-24,5
-24,5
-24,5
-24,5
-24,5
-24,5
-24,5
-24,5
-28,5
-34
-26,5
-13
-4,5
1,5
-17,5
-27,5
-24,5
-24,5
-28
-25
-8,5
4,5
-11,5
-12
-24
-29,5
-24,5
-24
-21,5
2,5
3
-20
-40
-41,5
-32,5
-28,5
-24,5
-24
-12
14,5
-19
-22,5
-27,5
-38,5
-32
-27,5
-24,5
-23
7,5
16
2,5
3
3
-2
-10
-24,5
-24,5
-24
9,5
21,5
0
-14,5
-16,5
4
16,5
-24
-24,5
-24
1,5
13,5
-2,5
-23
-29
6
16,5
-19
-24,5
-24
-17,5
0,5
1
-5,5
4
16,5
-4,5
-19,5
-24,5
-25,5
-28
-21,5
-5,5
-1,5
3
-3
-21
-24,5
-13,5
-13,5
-13,5
-13,5
-13,5
-13,5
-13,5
-13,5
-13,5
-13,5
-13,5
-13,5
-8,5
-2,5
-1,5
-6,5
-6,5
-3,5
-14
-13,5
-13,5
-13,5
-7,5
9
8,5
6
13
12,5
-4
-14
-13,5
-13,5
-12,5
-8,5
-10,5
-6
8,5
7
-14
-15,5
-13,5
-13,5
-15,5
-18,5
-19,5
-6,5
1
-6,5
-14,5
-14,5
-13,5
-13,5
-15,5
-14,5
-10
-6,5
-7
-16
-18,5
-14,5
-13,5
-13,5
-13,5
-13
-1,5
-3,5
-4,5
-15,5
-18,5
-16,5
-13,5
-14,5
-14,5
-10,5
-4,5
-5,5
-11
-20
-19,5
-16,5
-13,5
-13,5
-11,5
-11,5
-6
-7
-11,5
-20
-18,5
-16,5
-13,5
-13,5
-12
-12
-8,5
-16,5
-11,5
-19,5
-15,5
-15,5
-19
-19
-19
-19
-19
-19
-19
-19
-19
-19
-19
-19
-18
-17
-8,5
-2,5
3
-0,5
-22,5
-17,5
-19
-19
-18
-13,5
-5
-12,5
-14,5
-0,5
-19
-17
-19
-19
-18,5
-10,5
8,5
-10,5
-6,5
-2,5
-16,5
-17
-19
-19
-23
-15
17,5
-2
-5,5
-17
-19
-20
-19
-19
-22
-16
-3,5
-2
9,5
-15
-25
-21
-19
-19
-17,5
-0,5
5
-1,5
-1,5
10
-4,5
-23
-19
-19
-9
-2
-3
-15,5
-23
-1,5
13,5
-15,5
-19
-19
-16
-7
1,5
-13,5
-18
-2,5
12,5
-12
-19
-19
-19,5
-15,5
-3
7
5
4,5
-2,5
-20,5
-31
-31
-31
-31
-31
-31
-31
-31
-31
-31
-31
-31
-28,5
-26
7,5
19
5,5
-8
-24
-32
-31
-26,5
-13,5
11,5
6,5
-13,5
-16,5
-1,5
-17
-32
-31
-26
-7,5
14,5
-35
-38,5
-21
9
-17
-31
-31
-27
-7
17
-21,5
-35,5
-2,5
8,5
-23,5
-31
-31
-26
-21,5
1,5
14,5
4
10,5
2,5
-29
-32
-31
-32
-35
-34,5
-22
-15,5
0
-3,5
-30,5
-33
-31
-32
-36
-38,5
-38
-36
-10
1,5
-28
-33
-31
-29
-30,5
-13,5
0,5
4,5
6,5
-7,5
-34
-31
-31
-32
-30,5
-21,5
-9
1,5
-7
-25
-33
-31
